Num       RefCount Protocol Flags    Type St Inode Path
000000008c48abe2: 00000002 00000000 00000000 0002 01 20926 /run/user/1000/systemd/notify
000000003be5edd0: 00000002 00000000 00010000 0001 01 20929 /run/user/1000/systemd/private
00000000351cdb99: 00000002 00000000 00010000 0001 01 20937 /run/user/1000/bus
00000000a69c2cd7: 00000002 00000000 00010000 0001 01 20939 /run/user/1000/gnupg/S.dirmngr
00000000f4c4c40b: 00000003 00000000 00000000 0001 03 20385
000000004786b986: 00000002 00000000 00010000 0001 01 20941 /run/user/1000/gnupg/S.gpg-agent.browser
00000000efbb535f: 00000002 00000000 00010000 0001 01 20943 /run/user/1000/gnupg/S.gpg-agent.extra
0000000065f0d7cd: 00000002 00000000 00010000 0001 01 20945 /run/user/1000/gnupg/S.gpg-agent.ssh
0000000094e08058: 00000002 00000000 00000000 0002 01 20478
00000000155205f3: 00000002 00000000 00010000 0001 01 20947 /run/user/1000/gnupg/S.gpg-agent
00000000574024c5: 00000003 00000000 00000000 0001 03 20700 /run/dbus/system_bus_socket
00000000fee2eeb7: 00000003 00000000 00000000 0002 03 14605 /run/systemd/notify
00000000bc470a01: 00000002 00000000 00010000 0001 01 14608 /run/systemd/private
000000000dfd99ae: 00000003 00000000 00000000 0001 03 15015 /run/systemd/journal/stdout
000000007a38b21b: 00000002 00000000 00010000 0001 01 14610 /run/systemd/userdb/io.systemd.DynamicUser
00000000ef78083c: 00000002 00000000 00010000 0001 01 14611 /run/systemd/io.system.ManagedOOM
0000000039ed764b: 00000002 00000000 00000000 0002 03 20448
000000007d98765c: 00000002 00000000 00010000 0001 01 14622 /run/systemd/fsck.progress
000000007ae09a7f: 00000007 00000000 00000000 0002 03 15627 /run/systemd/journal/dev-log
0000000002c27f92: 00000007 00000000 00000000 0002 03 15629 /run/systemd/journal/socket
00000000307e5514: 00000002 00000000 00010000 0001 01 15631 /run/systemd/journal/stdout
000000006106d484: 00000002 00000000 00010000 0005 01 15633 /run/udev/control
00000000cb0f54b0: 00000003 00000000 00000000 0001 03 15014 /run/systemd/journal/stdout
00000000fd04a5ba: 00000003 00000000 00000000 0001 03 20572
000000008119ee0f: 00000003 00000000 00000000 0001 03 20390
00000000f8979734: 00000003 00000000 00000000 0001 03 15319 /run/systemd/journal/stdout
00000000dfbe750c: 00000002 00000000 00010000 0001 01 14695 /run/systemd/journal/io.systemd.journal
00000000470016cc: 00000003 00000000 00000000 0001 03 21531
000000005c767c11: 00000003 00000000 00000000 0001 03 15318
0000000088e61d09: 00000003 00000000 00000000 0001 03 20701 /run/dbus/system_bus_socket
000000002110b986: 00000002 00000000 00000000 0002 03 21519
00000000e0ddbcb5: 00000002 00000000 00010000 0001 01 20537 /var/run/vmware/guestServicePipe
000000009e96cbb4: 00000002 00000000 00010000 0001 01 15290 /run/dbus/system_bus_socket
00000000af916cf2: 00000003 00000000 00000000 0001 03 21683 /run/dbus/system_bus_socket
000000003721d16c: 00000003 00000000 00000000 0001 03 15305
00000000df4583de: 00000002 00000000 00000000 0002 03 15310
000000004d5061f4: 00000003 00000000 00000000 0001 03 20931
000000006fb74b70: 00000003 00000000 00000000 0001 03 20599 /run/systemd/journal/stdout
000000006c5783d8: 00000003 00000000 00000000 0002 03 15280
000000007cb50420: 00000003 00000000 00000000 0002 03 14817
00000000a19f5d0b: 00000003 00000000 00000000 0001 03 14995
000000003ea1d860: 00000003 00000000 00000000 0002 03 14816
000000005f8dc5d8: 00000002 00000000 00000000 0002 03 14809
00000000d333cdee: 00000003 00000000 00000000 0002 03 15283
00000000c2889659: 00000002 00000000 00000000 0002 03 15275
000000007521d4c4: 00000003 00000000 00000000 0002 03 15282
00000000bf865fea: 00000003 00000000 00000000 0001 03 14788
000000007870e3b7: 00000003 00000000 00000000 0001 03 15016 /run/systemd/journal/stdout
0000000072ae23df: 00000003 00000000 00000000 0002 03 15281
00000000cb4d9575: 00000002 00000000 00000000 0002 03 14781
0000000047adbf52: 00000003 00000000 00000000 0001 03 20166 /run/systemd/journal/stdout
000000002c163b0f: 00000003 00000000 00000000 0001 03 20705 /run/dbus/system_bus_socket
00000000844bb41d: 00000002 00000000 00000000 0002 03 20707
0000000091bc5d42: 00000002 00000000 00000000 0002 03 14697
000000002e3e61b2: 00000003 00000000 00000000 0001 03 20669
000000007049eb57: 00000003 00000000 00000000 0001 03 20697
0000000072d577e6: 00000002 00000000 00000000 0002 03 21634
00000000f9a16330: 00000002 00000000 00000000 0002 03 20876
000000005da98f55: 00000003 00000000 00000000 0002 03 14607
00000000e719337c: 00000003 00000000 00000000 0002 03 20927
00000000c9cd6aa8: 00000003 00000000 00000000 0001 03 20698
00000000a20bd671: 00000003 00000000 00000000 0001 03 20703
00000000176f74e8: 00000003 00000000 00000000 0002 03 20928
00000000c759d92e: 00000003 00000000 00000000 0001 03 20670 /run/systemd/journal/stdout
0000000012380afe: 00000003 00000000 00000000 0001 03 20854
000000005264bf58: 00000003 00000000 00000000 0002 03 14606
00000000176e3883: 00000002 00000000 00000000 0002 03 20865
00000000da77c07a: 00000003 00000000 00000000 0001 03 20724 /run/systemd/journal/stdout
00000000bf1b51ae: 00000003 00000000 00000000 0001 03 20721
000000008bbfcca6: 00000003 00000000 00000000 0001 03 20855 /run/systemd/journal/stdout
